[gd_scene format=3 uid="uid://dsppj7ex3l1dn"]

[ext_resource type="PackedScene" uid="uid://3tljg6wtyi87" path="res://industrial_robot.glb" id="1_nv8dg"]
[ext_resource type="Texture2D" uid="uid://dot2s7oodga0t" path="res://_assets/textures/Industrial sci-fi metal ceiling design.png" id="2_wooj1"]
[ext_resource type="Texture2D" uid="uid://daqhan3gn5wws" path="res://_assets/textures/ceiling_normal_map.png" id="3_1i48b"]
[ext_resource type="Texture2D" uid="uid://bsom8ekdqjw3n" path="res://_assets/textures/sci-fi_modular_floor_tiles_0.png" id="4_uhfm4"]
[ext_resource type="Texture2D" uid="uid://ddcovtcuvokvb" path="res://_assets/textures/concrete_barrier__drum_barrel__fences_1.jpg" id="5_00gqm"]
[ext_resource type="Texture2D" uid="uid://dokepakn4owby" path="res://_assets/textures/Screenshot 2026-03-28 152504.png" id="6_ny7tr"]
[ext_resource type="Texture2D" uid="uid://dwd8s37p1md7o" path="res://_assets/textures/Screenshot 2026-03-28 152443.png" id="7_lphq7"]
[ext_resource type="PackedScene" uid="uid://hdqv425hhlal" path="res://_assets/sci-fi_style_ceiling_light.glb" id="8_ttoml"]
[ext_resource type="Texture2D" uid="uid://d1wn4okar5ikd" path="res://_assets/textures/Gemini_Generated_Image_y6yunhy6yunhy6yu.png" id="9_ocb40"]
[ext_resource type="Texture2D" uid="uid://bquxbnaaiyo4c" path="res://_assets/Gemini_Generated_Image_fqbw3qfqbw3qfqbw.png" id="10_86mrq"]
[ext_resource type="Texture2D" uid="uid://ctceq4hbcd5mr" path="res://_base_objects/harsh/Gemini_Generated_Image_c5ol0ac5ol0ac5ol.png" id="11_wrkgn"]
[ext_resource type="Texture2D" uid="uid://bxpskitwj4rpf" path="res://_base_objects/harsh/Gemini_Generated_Image_bt4kbtbt4kbtbt4k.png" id="12_fbuj2"]
[ext_resource type="Texture2D" uid="uid://hjinfg2738e" path="res://_assets/textures/Gemini_Generated_Image_3ze5e3ze5e3ze5e3 (1).png" id="13_dak4d"]
[ext_resource type="Texture2D" uid="uid://i1qcd0061c1" path="res://_assets/textures/Gemini_Generated_Image_kcgqekcgqekcgqek.png" id="14_1461n"]
[ext_resource type="Texture2D" uid="uid://uf1jy6l3jqcw" path="res://_assets/textures/Gemini_Generated_Image_yskqrxyskqrxyskq.png" id="15_mssxu"]
[ext_resource type="Texture2D" uid="uid://crdf8lg3qj01d" path="res://_assets/textures/concrete_barrier__drum_barrel__fences_5.jpg" id="16_1jrro"]
[ext_resource type="Texture2D" uid="uid://ihao20o1v118" path="res://_assets/textures/concrete_barrier__drum_barrel__fences_0.jpg" id="17_4e2kp"]
[ext_resource type="PackedScene" uid="uid://bp6wjeidcmh6x" path="res://_base_objects/_characters/Player/player.tscn" id="18_ymc6d"]
[ext_resource type="PackedScene" uid="uid://c2xk0wt3gl2er" path="res://_base_objects/_characters/Enemy/Time_leech.tscn" id="19_lbg1p"]
[ext_resource type="PackedScene" uid="uid://cvgwmjy4wccia" path="res://_base_objects/_worldbuilding/double_door.tscn" id="20_ia7d2"]
[ext_resource type="PackedScene" uid="uid://3bjs034bdhpo" path="res://_base_objects/harsh/explosion.tscn" id="21_vv254"]
[ext_resource type="PackedScene" uid="uid://brb3xap2p7ksy" path="res://mainlight.tscn" id="25_k4no8"]
[ext_resource type="PackedScene" uid="uid://we6yok6api8s" path="res://_base_objects/_UI/pause_menu.tscn" id="26_2og7n"]
[ext_resource type="PackedScene" uid="uid://dgil4u0yl5ijm" path="res://_base_objects/_characters/Enemy/test_enemy.tscn" id="27_5dsv4"]
[ext_resource type="PackedScene" uid="uid://0exb67spbw5j" path="res://_base_objects/_worldbuilding/walls/asset3.glb" id="28_1wlbv"]
[ext_resource type="PackedScene" uid="uid://ctncm243wkwha" path="res://_base_objects/harsh/asset4.1.glb" id="29_8kqvw"]
[ext_resource type="PackedScene" uid="uid://cn3qlc1b2os2u" path="res://_base_objects/harsh/enemy1.glb" id="30_ott7t"]
[ext_resource type="PackedScene" uid="uid://c2633wxhc4p7x" path="res://_base_objects/harsh/computer1.glb" id="31_j3ey0"]
[ext_resource type="PackedScene" uid="uid://ca67u4r353eh1" path="res://_base_objects/harsh/bigasscapsule.glb" id="32_l15nt"]
[ext_resource type="PackedScene" uid="uid://co8puvvoocrqj" path="res://_base_objects/harsh/asset5.glb" id="33_1iy71"]
[ext_resource type="PackedScene" uid="uid://3hsbhd8rx2d2" path="res://light_on_ceiling.tscn" id="34_d4uwr"]
[ext_resource type="PackedScene" uid="uid://tkeurlyqe34q" path="res://_assets/lift/asset2.glb" id="34_nv8dg"]
[ext_resource type="PackedScene" uid="uid://bjwyv3bvf8r2a" path="res://_base_objects/harsh/box.glb" id="35_wooj1"]
[ext_resource type="PackedScene" uid="uid://b5xyrgbetoqxv" path="res://_base_objects/harsh/conveyerbelt.glb" id="36_1i48b"]

[sub_resource type="ProceduralSkyMaterial" id="ProceduralSkyMaterial_1i48b"]
sky_horizon_color = Color(0.66224277, 0.6717428, 0.6867428, 1)
ground_horizon_color = Color(0.66224277, 0.6717428, 0.6867428, 1)

[sub_resource type="Sky" id="Sky_uhfm4"]
sky_material = SubResource("ProceduralSkyMaterial_1i48b")

[sub_resource type="Environment" id="Environment_00gqm"]
background_mode = 2
sky = SubResource("Sky_uhfm4")
ambient_light_source = 3
ambient_light_color = Color(0.3830193, 0.54235214, 0.1835387, 1)
ambient_light_sky_contribution = 0.75
ambient_light_energy = 2.02
tonemap_mode = 3
ssao_enabled = true
glow_enabled = true
glow_normalized = true
glow_intensity = 0.19
glow_strength = 0.9
glow_bloom = 0.35
glow_blend_mode = 0
glow_hdr_threshold = 0.75
glow_hdr_scale = 0.99
glow_hdr_luminance_cap = 40.35
glow_map_strength = 0.21
fog_light_color = Color(0.12402516, 0.13879654, 0.16178122, 1)
fog_light_energy = 1.99
fog_sun_scatter = 0.06
fog_density = 0.0141
fog_sky_affect = 0.675
volumetric_fog_enabled = true
volumetric_fog_density = 0.0166
volumetric_fog_albedo = Color(0.14622876, 0.14622876, 0.14622873, 1)
volumetric_fog_emission = Color(0.36730197, 0.2204336, 0.09790524, 1)
volumetric_fog_emission_energy = 0.0
volumetric_fog_gi_inject = 1.19
volumetric_fog_anisotropy = -0.57
volumetric_fog_detail_spread = 2.9281704
volumetric_fog_ambient_inject = 1.11

[sub_resource type="BoxShape3D" id="BoxShape3D_uhfm4"]
size = Vector3(2.5339355, 1.7886963, 2.6010284)

[sub_resource type="NavigationMesh" id="NavigationMesh_wooj1"]
vertices = PackedVector3Array(23.490206, 9.296166, -49.302574, 22.990206, 9.296166, -49.552574, 23.240206, 9.296166, -43.052574, 23.740206, 9.296166, -42.802574, -29.009794, 9.296166, -12.052574, -29.009794, 9.296166, -49.302574, -29.259794, 9.296166, -49.802574, -2.7597942, 9.296166, -42.802574, -3.0097942, 9.296166, -49.302574, -3.2597942, 9.296166, -49.302574, -3.0097942, 9.296166, -42.302574, 30.740206, 9.296166, -49.802574, 30.490206, 9.296166, -43.052574, 30.490206, 9.296166, -12.052574, 30.240206, 9.296166, -49.552574, -28.759794, 9.296166, 43.697426, -29.009794, 9.296166, 44.197426, -21.259794, 9.296166, 43.947426, -20.509794, 9.296166, 43.947426, 14.740206, 9.296166, 43.697426, 30.490206, 9.296166, 49.697426, 30.740206, 9.296166, 49.947426, 30.490206, 9.296166, 19.197426, 30.240206, 9.296166, 19.697426, -21.009794, 9.296166, 49.697426, -20.509794, 9.296166, 49.947426, -28.759794, 9.296166, 49.947426, -29.259794, 9.296166, 50.197426, -29.009794, 9.296166, 19.947426, -3.2597942, 9.296166, -12.052574, -29.009794, 9.296166, -11.302574, -2.7597942, 9.296166, -11.802574, 30.240206, 9.296166, -42.552574, -28.759794, 9.296166, 19.447426, 30.240206, 9.296166, -11.552574, -28.759794, 84.296165, -49.552574, -28.759794, 84.296165, 49.697426, 30.490206, 84.296165, 49.697426, 30.490206, 84.296165, -49.552574, -3.7597942, 2.546167, -22.052574, -3.5097942, 2.546167, -24.802574, -5.009794, 2.546167, -25.052574, -5.009794, 2.546167, -21.802574, -28.009794, 2.546167, -13.052574, -5.009794, 2.546167, -45.302574, -3.7597942, 2.546167, -45.552574, -3.5097942, 2.546167, -48.302574, -28.009794, 2.546167, -48.552574, -5.009794, 2.546167, -13.052574, -2.2597942, 2.546167, -45.302574, 21.490206, 2.546167, -48.552574, 28.740206, 2.546167, -48.552574, 24.490206, 2.546167, -48.552574, 24.240206, 2.546167, -48.052574, 28.740206, 2.546167, -44.052574, -2.0097942, 2.546167, -44.052574, 21.740206, 2.546167, -48.052574, 23.740206, 2.546167, -12.552574, 23.740206, 2.546167, -11.802574, 25.740206, 2.546167, -11.802574, 25.990206, 2.546167, -13.052574, 22.740206, 2.546167, -13.052574, 28.740206, 2.546167, -13.052574, 28.740206, 2.546167, -41.552574, -2.0097942, 2.546167, -25.052574, -2.0097942, 2.546167, -21.552574, -2.0097942, 2.546167, -41.552574, -2.0097942, 2.546167, -13.052574, 25.990206, 2.546167, -10.802574, 23.490206, 2.546167, -10.552574, 28.740206, 2.546167, -10.552574, 28.740206, 2.546167, 18.197426, -27.259794, 2.546167, 18.697426, -27.259794, 2.546167, 19.447426, -23.509794, 2.546167, 19.197426, -23.259794, 2.546167, 18.197426, -28.009794, 2.546167, -10.552574, -28.009794, 2.546167, 18.447426, -23.509794, 2.546167, 20.197426, -27.259794, 2.546167, 20.447426, 13.240206, 2.546167, 42.447426, 13.490206, 2.546167, 20.697426, -22.259794, 2.546167, 20.697426, -28.009794, 2.546167, 42.447426, -28.009794, 2.546167, 20.697426, 15.740206, 2.546167, 44.697426, 13.990206, 2.546167, 44.947426, 14.240206, 2.546167, 48.697426, 28.740206, 2.546167, 48.697426, 15.740206, 2.546167, 42.947426, 28.740206, 2.546167, 20.697426, -28.009794, 2.546167, 48.697426, -23.009794, 2.546167, 48.697426, -22.759794, 2.546167, 47.947426, -23.009794, 2.546167, 47.197426, -23.009794, 2.546167, 44.947426, -28.009794, 2.546167, 44.947426, -19.759794, 2.546167, 48.697426, -19.759794, 2.546167, 47.447426, -20.009794, 2.546167, 47.947426, -19.759794, 2.546167, 44.947426, -21.759794, 2.546167, 47.697426, -22.759794, 2.546167, 51.697426, -23.009794, 2.546167, 51.197426, -28.009794, 2.546167, 51.197426, -28.009794, 2.546167, 67.447426, 30.240206, 2.546167, 67.447426, 30.240206, 2.546167, 51.197426, -20.009794, 2.546167, 51.697426, -19.759794, 2.546167, 51.197426)
polygons = [PackedInt32Array(3, 2, 0), PackedInt32Array(0, 2, 1), PackedInt32Array(4, 6, 5), PackedInt32Array(8, 7, 9), PackedInt32Array(9, 7, 10), PackedInt32Array(13, 12, 11), PackedInt32Array(0, 1, 14), PackedInt32Array(14, 1, 11), PackedInt32Array(17, 16, 15), PackedInt32Array(17, 15, 18), PackedInt32Array(18, 15, 19), PackedInt32Array(20, 23, 21), PackedInt32Array(21, 23, 22), PackedInt32Array(17, 18, 24), PackedInt32Array(24, 18, 25), PackedInt32Array(12, 14, 11), PackedInt32Array(24, 25, 26), PackedInt32Array(26, 25, 27), PackedInt32Array(28, 15, 16), PackedInt32Array(4, 29, 30), PackedInt32Array(30, 29, 31), PackedInt32Array(9, 5, 6), PackedInt32Array(8, 9, 1), PackedInt32Array(1, 9, 11), PackedInt32Array(11, 9, 6), PackedInt32Array(7, 2, 10), PackedInt32Array(10, 2, 3), PackedInt32Array(22, 13, 21), PackedInt32Array(21, 13, 11), PackedInt32Array(10, 3, 32), PackedInt32Array(32, 3, 12), PackedInt32Array(31, 29, 10), PackedInt32Array(10, 29, 9), PackedInt32Array(27, 28, 16), PackedInt32Array(27, 16, 26), PackedInt32Array(13, 32, 12), PackedInt32Array(30, 33, 28), PackedInt32Array(13, 34, 31), PackedInt32Array(31, 34, 30), PackedInt32Array(22, 23, 33), PackedInt32Array(33, 23, 28), PackedInt32Array(22, 34, 13), PackedInt32Array(28, 27, 30), PackedInt32Array(30, 27, 6), PackedInt32Array(20, 21, 25), PackedInt32Array(25, 21, 27), PackedInt32Array(6, 4, 30), PackedInt32Array(38, 37, 35), PackedInt32Array(35, 37, 36), PackedInt32Array(39, 42, 40), PackedInt32Array(40, 42, 41), PackedInt32Array(41, 42, 43), PackedInt32Array(45, 44, 46), PackedInt32Array(46, 44, 47), PackedInt32Array(44, 41, 47), PackedInt32Array(47, 41, 43), PackedInt32Array(42, 48, 43), PackedInt32Array(45, 46, 49), PackedInt32Array(49, 46, 50), PackedInt32Array(52, 51, 53), PackedInt32Array(53, 51, 54), PackedInt32Array(56, 55, 50), PackedInt32Array(50, 55, 49), PackedInt32Array(53, 54, 56), PackedInt32Array(56, 54, 55), PackedInt32Array(59, 58, 57), PackedInt32Array(59, 57, 60), PackedInt32Array(60, 57, 61), PackedInt32Array(63, 62, 60), PackedInt32Array(40, 64, 39), PackedInt32Array(39, 64, 65), PackedInt32Array(60, 61, 63), PackedInt32Array(63, 61, 64), PackedInt32Array(63, 64, 66), PackedInt32Array(61, 67, 65), PackedInt32Array(61, 65, 64), PackedInt32Array(59, 68, 58), PackedInt32Array(58, 68, 69), PackedInt32Array(68, 70, 69), PackedInt32Array(69, 70, 71), PackedInt32Array(74, 73, 72), PackedInt32Array(74, 72, 75), PackedInt32Array(75, 72, 77), PackedInt32Array(75, 77, 76), PackedInt32Array(76, 69, 75), PackedInt32Array(75, 69, 71), PackedInt32Array(79, 73, 78), PackedInt32Array(78, 73, 74), PackedInt32Array(81, 80, 82), PackedInt32Array(82, 80, 83), PackedInt32Array(79, 78, 84), PackedInt32Array(84, 78, 82), PackedInt32Array(84, 82, 83), PackedInt32Array(86, 85, 87), PackedInt32Array(87, 85, 88), PackedInt32Array(81, 90, 89), PackedInt32Array(89, 90, 88), PackedInt32Array(88, 85, 89), PackedInt32Array(89, 80, 81), PackedInt32Array(93, 92, 94), PackedInt32Array(94, 92, 91), PackedInt32Array(95, 94, 96), PackedInt32Array(96, 94, 91), PackedInt32Array(99, 98, 97), PackedInt32Array(97, 98, 86), PackedInt32Array(97, 86, 87), PackedInt32Array(98, 100, 86), PackedInt32Array(93, 94, 101), PackedInt32Array(98, 99, 101), PackedInt32Array(101, 99, 93), PackedInt32Array(103, 102, 104), PackedInt32Array(104, 102, 105), PackedInt32Array(107, 106, 108), PackedInt32Array(108, 106, 105), PackedInt32Array(105, 102, 108), PackedInt32Array(107, 108, 109)]

[sub_resource type="StandardMaterial3D" id="StandardMaterial3D_1i48b"]
albedo_texture = ExtResource("2_wooj1")
metallic = 0.6
roughness = 0.4
normal_enabled = true
normal_scale = -0.52
normal_texture = ExtResource("3_1i48b")
heightmap_enabled = true
heightmap_scale = -0.143
uv1_scale = Vector3(8.21, 9.41, 0.64)
uv1_offset = Vector3(-1.27, 0, 0)

[sub_resource type="StandardMaterial3D" id="StandardMaterial3D_uhfm4"]
albedo_texture = ExtResource("4_uhfm4")

[sub_resource type="StandardMaterial3D" id="StandardMaterial3D_00gqm"]
albedo_color = Color(0.6125778, 0.61257786, 0.6125778, 1)
albedo_texture = ExtResource("5_00gqm")
metallic = 1.0
metallic_texture = ExtResource("6_ny7tr")
roughness_texture = ExtResource("6_ny7tr")
roughness_texture_channel = 2
normal_enabled = true
heightmap_enabled = true
heightmap_texture = ExtResource("6_ny7tr")
heightmap_flip_texture = true
uv1_scale = Vector3(15.475, 15.475, 15.475)

[sub_resource type="BoxMesh" id="BoxMesh_ny7tr"]

[sub_resource type="StandardMaterial3D" id="StandardMaterial3D_lphq7"]
albedo_color = Color(0.14911404, 0.14911404, 0.14911404, 1)
roughness = 0.0
normal_enabled = true
normal_texture = ExtResource("7_lphq7")
heightmap_enabled = true
heightmap_texture = ExtResource("7_lphq7")
uv1_scale = Vector3(63.83, 22.585, 1)

[sub_resource type="StandardMaterial3D" id="StandardMaterial3D_ttoml"]
albedo_texture = ExtResource("4_uhfm4")
metallic = 1.0
metallic_texture = ExtResource("6_ny7tr")
roughness = 0.3
normal_enabled = true
normal_texture = ExtResource("6_ny7tr")
uv1_scale = Vector3(34.765, -10.025, 1)
uv1_offset = Vector3(0, -0.21, 0)

[sub_resource type="BoxMesh" id="BoxMesh_ocb40"]

[sub_resource type="StandardMaterial3D" id="StandardMaterial3D_86mrq"]
albedo_texture = ExtResource("4_uhfm4")
metallic = 0.47
roughness = 0.15
normal_enabled = true
normal_texture = ExtResource("6_ny7tr")
heightmap_enabled = true
heightmap_texture = ExtResource("6_ny7tr")
uv1_scale = Vector3(67.62, 73.335, 1)

[sub_resource type="ConcavePolygonShape3D" id="ConcavePolygonShape3D_wrkgn"]
data = PackedVector3Array(-30, -0.5, 50, -30, -0.5, -50, -30, 0.5, -50, 30, -0.5, -50, -30, -0.5, -50, -30, -0.5, 50, -30, 0.5, -50, -30, -0.5, -50, 30, -0.5, -50, -30, 0.5, -50, -30, 0.5, 50, -30, -0.5, 50, -30, -0.5, 50, -30, 0.5, 50, 30, 0.5, 50, 30, 0.5, 50, -30, 0.5, 50, -30, 0.5, -50, -30, -0.5, 50, 30, -0.5, 50, 30, -0.5, -50, 30, 0.5, 50, 30, -0.5, 50, -30, -0.5, 50, 30, -0.5, -50, 30, -0.5, 50, 30, 0.5, 50, 30, -0.5, -50, 30, 0.5, -50, -30, 0.5, -50, -30, 0.5, -50, 30, 0.5, -50, 30, 0.5, 50, 30, 0.5, 50, 30, 0.5, -50, 30, -0.5, -50)

[sub_resource type="StandardMaterial3D" id="StandardMaterial3D_fbuj2"]
albedo_texture = ExtResource("9_ocb40")
normal_enabled = true
normal_texture = ExtResource("10_86mrq")
heightmap_enabled = true
heightmap_scale = -0.13
heightmap_deep_parallax = true
heightmap_min_layers = 8
heightmap_max_layers = 32
heightmap_texture = ExtResource("10_86mrq")
uv1_scale = Vector3(-3.325, 0.475, 1)

[sub_resource type="StandardMaterial3D" id="StandardMaterial3D_dak4d"]
albedo_texture = ExtResource("9_ocb40")
metallic = 1.0
metallic_texture = ExtResource("9_ocb40")
normal_enabled = true
normal_texture = ExtResource("10_86mrq")
heightmap_enabled = true
heightmap_scale = 0.428
heightmap_deep_parallax = true
heightmap_min_layers = 8
heightmap_max_layers = 32
heightmap_flip_binormal = true
heightmap_texture = ExtResource("10_86mrq")
uv1_scale = Vector3(2.635, 0.615, 1)

[sub_resource type="StandardMaterial3D" id="StandardMaterial3D_1461n"]
albedo_texture = ExtResource("11_wrkgn")
metallic = 1.0
metallic_texture = ExtResource("11_wrkgn")
roughness = 0.0
roughness_texture = ExtResource("12_fbuj2")
normal_enabled = true
normal_texture = ExtResource("12_fbuj2")
heightmap_enabled = true
uv1_scale = Vector3(4.575, 2.085, 1)

[sub_resource type="StandardMaterial3D" id="StandardMaterial3D_mssxu"]
albedo_texture = ExtResource("11_wrkgn")
metallic = 0.34
roughness = 0.25
normal_enabled = true
normal_texture = ExtResource("12_fbuj2")
heightmap_enabled = true
uv1_scale = Vector3(3.72, 1, 1)

[sub_resource type="StandardMaterial3D" id="StandardMaterial3D_1jrro"]
albedo_texture = ExtResource("13_dak4d")
metallic = 0.41
metallic_specular = 0.14
roughness = 0.05
normal_enabled = true
normal_texture = ExtResource("14_1461n")
heightmap_enabled = true
heightmap_texture = ExtResource("14_1461n")
uv1_scale = Vector3(2.28, 1, 1)

[sub_resource type="StandardMaterial3D" id="StandardMaterial3D_4e2kp"]
albedo_texture = ExtResource("15_mssxu")
metallic = 0.51
roughness = 0.15
normal_enabled = true
normal_texture = ExtResource("14_1461n")
heightmap_enabled = true
uv1_scale = Vector3(3.07, 1, 1)

[sub_resource type="StandardMaterial3D" id="StandardMaterial3D_ymc6d"]
albedo_texture = ExtResource("13_dak4d")
metallic = 1.0
roughness = 0.35
roughness_texture_channel = 1
normal_enabled = true
normal_texture = ExtResource("14_1461n")
heightmap_enabled = true
heightmap_texture = ExtResource("14_1461n")
uv1_scale = Vector3(7.54, 1, 1)

[sub_resource type="StandardMaterial3D" id="StandardMaterial3D_lbg1p"]
albedo_texture = ExtResource("13_dak4d")
metallic = 1.0
metallic_texture = ExtResource("14_1461n")
normal_enabled = true
normal_texture = ExtResource("14_1461n")
heightmap_enabled = true
heightmap_flip_binormal = true
heightmap_texture = ExtResource("14_1461n")
heightmap_flip_texture = true
uv1_scale = Vector3(4.78, -0.91, 1)

[sub_resource type="StandardMaterial3D" id="StandardMaterial3D_ia7d2"]
albedo_texture = ExtResource("16_1jrro")

[sub_resource type="StandardMaterial3D" id="StandardMaterial3D_vv254"]
albedo_texture = ExtResource("17_4e2kp")

[sub_resource type="StandardMaterial3D" id="StandardMaterial3D_x0wnp"]
albedo_texture = ExtResource("4_uhfm4")
normal_enabled = true
normal_texture = ExtResource("7_lphq7")
heightmap_enabled = true
uv1_scale = Vector3(2.265, 2.265, 2.265)

[sub_resource type="BoxShape3D" id="BoxShape3D_y3v7k"]
size = Vector3(0.18884277, 1, 0.53601074)

[sub_resource type="BoxShape3D" id="BoxShape3D_pq5yx"]
size = Vector3(0.41674805, 1.9893799, 0.5437012)

[sub_resource type="BoxShape3D" id="BoxShape3D_k4no8"]
size = Vector3(1.7342224, 1.5043945, 3.503151)

[sub_resource type="BoxShape3D" id="BoxShape3D_2og7n"]
size = Vector3(1.4833984, 2.2631836, 9.740112)

[node name="Node3D2" type="Node3D" unique_id=665478732]

[node name="WorldEnvironment" type="WorldEnvironment" parent="." unique_id=1194007995]
environment = SubResource("Environment_00gqm")

[node name="Sketchfab_Scene" parent="." unique_id=481057906 instance=ExtResource("1_nv8dg")]
transform = Transform3D(5.2289877, 0, 0, 0, 5.2289877, 0, 0, 0, 5.2289877, -22.874687, 0.1492424, 19.115803)

[node name="Sketchfab_Scene2" parent="." unique_id=1987229325 instance=ExtResource("1_nv8dg")]
transform = Transform3D(-5.222767, 0, -0.25497937, 0, 5.2289877, 0, 0.25497937, 0, -5.222767, 22.715117, 0.1492424, -11.1345005)

[node name="Sketchfab_Scene3" parent="." unique_id=795034511 instance=ExtResource("1_nv8dg")]
transform = Transform3D(-0.106178306, 0, 4.542539, 0, 4.5437803, 0, -4.542539, 0, -0.106178306, -4.332923, 0.1492424, -26.279621)

[node name="Sketchfab_Scene4" parent="." unique_id=1509215271 instance=ExtResource("1_nv8dg")]
transform = Transform3D(-0.24825579, 0, -4.5369925, 0, 4.54378, 0, 4.5369925, 0, -0.24825579, -4.332923, 0.1492424, -44.050365)

[node name="Player" parent="." unique_id=1091194407 instance=ExtResource("18_ymc6d")]
transform = Transform3D(1, 0, 0, 0, 1, 0, 0, 0, 1, -18.343687, 1.5625422, 46.215897)

[node name="Time leech" parent="." unique_id=1811181162 instance=ExtResource("19_lbg1p")]
transform = Transform3D(1, 0, 0, 0, 1, 0, 0, 0, 1, -5.1174407, 2.4701824, 33.282326)

[node name="doors" type="Node3D" parent="." unique_id=842733751]

[node name="DoubleDoor" parent="doors" unique_id=299376815 instance=ExtResource("20_ia7d2")]
transform = Transform3D(-8.742278e-08, 0, 2, 0, 2, 0, -2, 0, -8.742278e-08, -26.20339, 2.5000005, 19.086533)

[node name="DoubleDoor5" parent="doors" unique_id=1095070557 instance=ExtResource("20_ia7d2")]
transform = Transform3D(-1.9963648, 0, 0.120529115, 0, 2, 0, -0.120529115, 0, -1.9963648, -22.061968, 2.0985174, 48.529556)

[node name="DoubleDoor2" parent="doors" unique_id=1172928182 instance=ExtResource("20_ia7d2")]
transform = Transform3D(-8.742278e-08, 0, 2, 0, 2, 0, -2, 0, -8.742278e-08, 25.943739, 2.5000005, -11.849744)

[node name="DoubleDoor3" parent="doors" unique_id=1377711221 instance=ExtResource("20_ia7d2")]
transform = Transform3D(2, 0, 0, 0, 2, 0, 0, 0, 2, -3.8524456, 2.5000005, -23.6411)

[node name="DoubleDoor4" parent="doors" unique_id=92908096 instance=ExtResource("20_ia7d2")]
transform = Transform3D(2, 0, 0, 0, 2, 0, 0, 0, 2, -3.8524456, 2.5000005, -46.681717)

[node name="Node3D" parent="doors" unique_id=327031414 instance=ExtResource("21_vv254")]
transform = Transform3D(33.645, 0, 0, 0, 33.645, 0, 0, 0, 33.645, 0, 3.3266554, 0)

[node name="asset2" type="Node3D" parent="doors" unique_id=1913362661]
transform = Transform3D(1, 0, 0, 0, 1, 0, 0, 0, 1, -16.930876, 2.1729844, -125.579346)

[node name="Empty" type="Node3D" parent="doors/asset2" unique_id=1537996766]
transform = Transform3D(0, 0.33378452, 0, 0, 0, -0.33378452, -0.33378452, 0, 0, 0, 1.0245148, 0)

[node name="asset3" type="Node3D" parent="doors" unique_id=1760799300]
transform = Transform3D(1, 0, 0, 0, 1, 0, 0, 0, 1, 9.167911, 2.1729844, -125.579346)

[node name="Empty" type="Node3D" parent="doors/asset3" unique_id=984708018]
transform = Transform3D(0, 0.33378452, 0, 0, 0, -0.33378452, -0.33378452, 0, 0, 0, 1.0245148, 0)

[node name="asset4" type="Node3D" parent="doors" unique_id=943771936]
transform = Transform3D(1, 0, 0, 0, 1, 0, 0, 0, 1, 19.178259, 2.1729844, -125.579346)

[node name="Empty" type="Node3D" parent="doors/asset4" unique_id=1032364129]
transform = Transform3D(0, 0.33378452, 0, 0, 0, -0.33378452, -0.33378452, 0, 0, 0, 1.0245148, 0)

[node name="CanvasLayer" type="CanvasLayer" parent="." unique_id=1756447756]

[node name="Pause menu" parent="CanvasLayer" unique_id=208691863 instance=ExtResource("26_2og7n")]

[node name="test_enemy" parent="." unique_id=1773575572 instance=ExtResource("27_5dsv4")]
transform = Transform3D(1, 0, 0, 0, 1, 0, 0, 0, 1, -11.201677, 3.0763388, 39.789566)

[node name="asset3" parent="." unique_id=135006351 instance=ExtResource("28_1wlbv")]
transform = Transform3D(3.447903, 0, 0, 0, 3.447903, 0, 0, 0, 3.447903, 27.776733, 0.6552086, 20.525194)

[node name="asset16" parent="." unique_id=1037407976 instance=ExtResource("28_1wlbv")]
transform = Transform3D(3.447903, 0, 0, 0, 3.447903, 0, 0, 0, 3.447903, 27.776733, 0.6552086, 17.714748)

[node name="asset17" parent="." unique_id=2105746275 instance=ExtResource("28_1wlbv")]
transform = Transform3D(3.447903, 0, 0, 0, 3.447903, 0, 0, 0, 3.447903, 7.1356735, 0.6552086, 4.2400093)

[node name="SpotLight3D" type="SpotLight3D" parent="asset17" unique_id=1154324871]
transform = Transform3D(0.29003137, 0, 0, 0, 0.29003137, 0, 0, 0, 0.29003137, 0, 1.0481828, -0.24974954)
light_color = Color(0, 0.62352943, 1, 1)
light_energy = 16.0
light_indirect_energy = 11.247
spot_range = 21.286
spot_attenuation = 1.79
spot_angle = 51.07

[node name="SpotLight3D2" type="SpotLight3D" parent="asset17" unique_id=702103636]
transform = Transform3D(0.29003137, 0, 0, 0, 0.29003137, 0, 0, 0, 0.29003137, -3.0870955, 1.0481828, -0.23326916)
light_color = Color(0, 0.62352943, 1, 1)
light_energy = 16.0
light_indirect_energy = 11.247
spot_range = 21.286
spot_attenuation = 1.79
spot_angle = 51.07

[node name="SpotLight3D3" type="SpotLight3D" parent="asset17" unique_id=1663426409]
transform = Transform3D(0.29003137, 0, 0, 0, 0.29003137, 0, 0, 0, 0.29003137, -6.2167597, 1.0481828, -0.23326916)
light_color = Color(0, 0.62352943, 1, 1)
light_energy = 16.0
light_indirect_energy = 11.247
spot_range = 21.286
spot_attenuation = 1.79
spot_angle = 51.07

[node name="SpotLight3D4" type="SpotLight3D" parent="asset17" unique_id=1726877010]
transform = Transform3D(0.29003137, 0, 0, 0, 0.29003137, 0, 0, 0, 0.29003137, -8.33288, 1.0481828, -0.23326916)
light_color = Color(0, 0.62352943, 1, 1)
light_energy = 16.0
light_indirect_energy = 11.247
spot_range = 21.286
spot_attenuation = 1.79
spot_angle = 51.07

[node name="SpotLight3D5" type="SpotLight3D" parent="asset17" unique_id=199734196]
transform = Transform3D(0.29003137, 0, 0, 0, 0.29003137, 0, 0, 0, 0.29003137, -6.975733, 1.0481828, -9.874353)
light_color = Color(0, 0.62352943, 1, 1)
light_energy = 16.0
light_indirect_energy = 11.247
spot_range = 21.286
spot_attenuation = 1.79
spot_angle = 51.07

[node name="SpotLight3D6" type="SpotLight3D" parent="asset17" unique_id=310748087]
transform = Transform3D(0.29003137, 0, 0, 0, 0.29003137, 0, 0, 0, 0.29003137, -4.672941, 1.0481828, -9.874352)
light_color = Color(0, 0.62352943, 1, 1)
light_energy = 16.0
light_indirect_energy = 11.247
spot_range = 21.286
spot_attenuation = 1.79
spot_angle = 51.07

[node name="SpotLight3D7" type="SpotLight3D" parent="asset17" unique_id=835362185]
transform = Transform3D(0.29003137, 0, 0, 0, 0.29003137, 0, 0, 0, 0.29003137, -1.7937431, 1.0481828, -9.8743515)
light_color = Color(0, 0.62352943, 1, 1)
light_energy = 16.0
light_indirect_energy = 11.247
spot_range = 21.286
spot_attenuation = 1.79
spot_angle = 51.07

[node name="SpotLight3D8" type="SpotLight3D" parent="asset17" unique_id=1731039685]
transform = Transform3D(0.29003137, 0, 0, 0, 0.29003137, 0, 0, 0, 0.29003137, 1.196284, 1.0481828, -9.8743515)
light_color = Color(0, 0.62352943, 1, 1)
light_energy = 16.0
light_indirect_energy = 11.247
spot_range = 21.286
spot_attenuation = 1.79
spot_angle = 51.07

[node name="asset18" parent="." unique_id=970279154 instance=ExtResource("28_1wlbv")]
transform = Transform3D(3.447903, 0, 0, 0, 3.447903, 0, 0, 0, 3.447903, -3.5979881, 0.6552086, 4.2400093)

[node name="asset19" parent="." unique_id=1505743577 instance=ExtResource("28_1wlbv")]
transform = Transform3D(3.447903, 0, 0, 0, 3.447903, 0, 0, 0, 3.447903, -13.351702, 0.6552086, 4.2400093)

[node name="asset20" parent="." unique_id=1170524699 instance=ExtResource("28_1wlbv")]
transform = Transform3D(3.447903, 0, 0, 0, 3.447903, 0, 0, 0, 3.447903, -21.6446, 0.6552086, 4.2400093)

[node name="asset21" parent="." unique_id=1856557625 instance=ExtResource("28_1wlbv")]
transform = Transform3D(3.447903, 0, 0, 0, 3.447903, 0, 0, 0, 3.447903, 11.494156, 0.6552086, -28.949959)

[node name="asset22" parent="." unique_id=897134810 instance=ExtResource("28_1wlbv")]
transform = Transform3D(3.447903, 0, 0, 0, 3.447903, 0, 0, 0, 3.447903, 0.76049423, 0.6552086, -28.949959)

[node name="asset23" parent="." unique_id=1499671308 instance=ExtResource("28_1wlbv")]
transform = Transform3D(3.447903, 0, 0, 0, 3.447903, 0, 0, 0, 3.447903, -8.993219, 0.6552086, -28.949959)

[node name="asset24" parent="." unique_id=1590096264 instance=ExtResource("28_1wlbv")]
transform = Transform3D(3.447903, 0, 0, 0, 3.447903, 0, 0, 0, 3.447903, -17.286118, 0.6552086, -28.949959)

[node name="asset4" parent="." unique_id=154048644 instance=ExtResource("28_1wlbv")]
transform = Transform3D(3.447903, 0, 0, 0, 3.447903, 0, 0, 0, 3.447903, 13.427654, 0.6552086, 43.32387)

[node name="asset4_1" parent="." unique_id=1915014648 instance=ExtResource("29_8kqvw")]
transform = Transform3D(1, 0, 0, 0, 3.912713, 0, 0, 0, 2.8577936, 28.906754, 0.7613437, 40.611256)

[node name="asset4_2" parent="." unique_id=2105740567 instance=ExtResource("29_8kqvw")]
transform = Transform3D(1, 0, 0, 0, 3.912713, 0, 0, 0, 2.8577936, 28.906754, 0.7613437, 35.389565)

[node name="asset4_3" parent="." unique_id=1665951240 instance=ExtResource("29_8kqvw")]
transform = Transform3D(1, 0, 0, 0, 3.912713, 0, 0, 0, 2.8577936, 28.906754, 0.7613437, 31.15974)

[node name="asset4_4" parent="." unique_id=1211941902 instance=ExtResource("29_8kqvw")]
transform = Transform3D(1, 0, 0, 0, 3.912713, 0, 0, 0, 2.8577936, 27.970984, 0.7613437, -2.4605827)

[node name="enemy1" parent="." unique_id=1117981589 instance=ExtResource("30_ott7t")]
transform = Transform3D(1, 0, 0, 0, 1, 0, 0, 0, 1, -0.68467426, 2.9727004, 35.656216)

[node name="computer1" parent="." unique_id=559007714 instance=ExtResource("31_j3ey0")]
transform = Transform3D(0.02252261, 0, 1.7136502, 0, 1.7137983, 0, -1.7136502, 0, 0.02252261, -0.4250393, 0.81197834, 41.44416)

[node name="computer2" parent="." unique_id=330461385 instance=ExtResource("31_j3ey0")]
transform = Transform3D(0.02252261, 0, 1.7136502, 0, 1.7137983, 0, -1.7136502, 0, 0.02252261, -16.630867, 0.81197834, 17.032206)

[node name="computer3" parent="." unique_id=1582045775 instance=ExtResource("31_j3ey0")]
transform = Transform3D(0.02252261, 0, 1.7136502, 0, 1.7137983, 0, -1.7136502, 0, 0.02252261, -16.630867, 0.81197834, -14.150075)

[node name="computer4" parent="." unique_id=369441351 instance=ExtResource("31_j3ey0")]
transform = Transform3D(0.02252261, 0, 1.7136502, 0, 1.7137983, 0, -1.7136502, 0, 0.02252261, 3.2743263, 0.81197834, -14.150075)

[node name="bigasscapsule" parent="." unique_id=1470422774 instance=ExtResource("32_l15nt")]
transform = Transform3D(1, 0, 0, 0, 1, 0, 0, 0, 1, 15.657295, 2.2887197, -3.7576494)

[node name="asset5" parent="." unique_id=1370549756 instance=ExtResource("33_1iy71")]
transform = Transform3D(1.7675862, 0, 0, 0, 1.7675862, 0, 0, 0, 1.7675862, 28.186058, 1.5105174, 6.4107704)

[node name="asset6" parent="." unique_id=1627118449 instance=ExtResource("33_1iy71")]
transform = Transform3D(1.7675862, 0, 0, 0, 1.7675862, 0, 0, 0, 1.7675862, 28.186058, 1.5105174, 8.346924)

[node name="asset7" parent="." unique_id=943910212 instance=ExtResource("33_1iy71")]
transform = Transform3D(1.7675862, 0, 0, 0, 1.7675862, 0, 0, 0, 1.7675862, 28.186058, 1.5105174, 10.225745)

[node name="asset8" parent="." unique_id=128529529 instance=ExtResource("33_1iy71")]
transform = Transform3D(1.7675862, 0, 0, 0, 1.7675862, 0, 0, 0, 1.7675862, -29.473377, 1.5105174, 6.4107704)

[node name="asset9" parent="." unique_id=2009854853 instance=ExtResource("33_1iy71")]
transform = Transform3D(1.7675862, 0, 0, 0, 1.7675862, 0, 0, 0, 1.7675862, -29.473377, 1.5105174, 8.346924)

[node name="asset10" parent="." unique_id=333528048 instance=ExtResource("33_1iy71")]
transform = Transform3D(1.7675862, 0, 0, 0, 1.7675862, 0, 0, 0, 1.7675862, -29.473377, 1.5105174, 10.225745)

[node name="asset11" parent="." unique_id=971580285 instance=ExtResource("33_1iy71")]
transform = Transform3D(1.7675862, 0, 0, 0, 1.7675862, 0, 0, 0, 1.7675862, -29.473377, 1.5105174, -9.976679)

[node name="asset12" parent="." unique_id=1716066057 instance=ExtResource("33_1iy71")]
transform = Transform3D(1.7675862, 0, 0, 0, 1.7675862, 0, 0, 0, 1.7675862, -29.473377, 1.5105174, -8.040525)

[node name="asset14" parent="." unique_id=1264792280 instance=ExtResource("33_1iy71")]
transform = Transform3D(0.2035904, 0, -1.7558218, 0, 1.7675858, 0, 1.7558218, 0, 0.2035904, -16.736895, 1.5105174, -11.199545)

[node name="asset15" parent="." unique_id=1850279458 instance=ExtResource("33_1iy71")]
transform = Transform3D(0.2035904, 0, -1.7558218, 0, 1.7675858, 0, 1.7558218, 0, 0.2035904, -18.660162, 1.5105174, -10.976538)

[node name="asset13" parent="." unique_id=211136179 instance=ExtResource("33_1iy71")]
transform = Transform3D(1.7675862, 0, 0, 0, 1.7675862, 0, 0, 0, 1.7675862, -29.473377, 1.5105174, -6.161704)

[node name="light_on_ceiling" parent="." unique_id=1579965070 instance=ExtResource("34_d4uwr")]
transform = Transform3D(-0.9996675, -0.025625605, 0.0028585517, 0.02563114, -0.99966985, 0.0019091592, 0.0028086856, 0.001981795, 0.99999434, -11.351498, 7.510978, 25.877869)

[node name="light_on_ceiling2" parent="." unique_id=946439258 instance=ExtResource("34_d4uwr")]
transform = Transform3D(-0.9996675, -0.025625605, 0.0028585517, 0.02563114, -0.99966985, 0.0019091592, 0.0028086856, 0.001981795, 0.99999434, -3.5987425, 7.510978, 25.877869)

[node name="light_on_ceiling3" parent="." unique_id=1512732862 instance=ExtResource("34_d4uwr")]
transform = Transform3D(-0.9996675, -0.025625605, 0.0028585517, 0.02563114, -0.99966985, 0.0019091592, 0.0028086856, 0.001981795, 0.99999434, 4.7958655, 7.510978, 25.877869)

[node name="light_on_ceiling4" parent="." unique_id=172422742 instance=ExtResource("34_d4uwr")]
transform = Transform3D(-0.9996675, -0.025625605, 0.0028585517, 0.02563114, -0.99966985, 0.0019091592, 0.0028086856, 0.001981795, 0.99999434, 14.580652, 7.510978, 25.877869)

[node name="light_on_ceiling5" parent="." unique_id=5236173 instance=ExtResource("34_d4uwr")]
transform = Transform3D(-0.9996675, -0.025625605, 0.0028585517, 0.02563114, -0.99966985, 0.0019091592, 0.0028086856, 0.001981795, 0.99999434, 24.78976, 7.510978, 25.877869)

[node name="light_on_ceiling6" parent="." unique_id=612346602 instance=ExtResource("34_d4uwr")]
transform = Transform3D(-0.9996675, -0.025625605, 0.0028585517, 0.02563114, -0.99966985, 0.0019091592, 0.0028086856, 0.001981795, 0.99999434, 24.78976, 7.510978, 42.51031)

[node name="light_on_ceiling7" parent="." unique_id=259175973 instance=ExtResource("34_d4uwr")]
transform = Transform3D(-0.9996675, -0.025625605, 0.0028585517, 0.02563114, -0.99966985, 0.0019091592, 0.0028086856, 0.001981795, 0.99999434, 11.289112, 7.510978, 42.51031)

[node name="light_on_ceiling8" parent="." unique_id=2030215678 instance=ExtResource("34_d4uwr")]
transform = Transform3D(-0.9996675, -0.025625605, 0.0028585517, 0.02563114, -0.99966985, 0.0019091592, 0.0028086856, 0.001981795, 0.99999434, 0.60814, 7.510978, 42.51031)

[node name="light_on_ceiling9" parent="." unique_id=2070803655 instance=ExtResource("34_d4uwr")]
transform = Transform3D(-0.9996675, -0.025625605, 0.0028585517, 0.02563114, -0.99966985, 0.0019091592, 0.0028086856, 0.001981795, 0.99999434, -14.28033, 7.510978, 42.51031)

[node name="light_on_ceiling10" parent="." unique_id=934762011 instance=ExtResource("34_d4uwr")]
transform = Transform3D(-0.9996675, -0.025625605, 0.0028585517, 0.02563114, -0.99966985, 0.0019091592, 0.0028086856, 0.001981795, 0.99999434, -29.154812, 7.510978, 42.51031)

[node name="light_on_ceiling11" parent="." unique_id=200966410 instance=ExtResource("34_d4uwr")]
transform = Transform3D(-0.9996675, -0.025625605, 0.0028585517, 0.02563114, -0.99966985, 0.0019091592, 0.0028086856, 0.001981795, 0.99999434, -29.539806, 7.510978, 26.712456)

[node name="light_on_ceiling12" parent="." unique_id=1798815795 instance=ExtResource("34_d4uwr")]
transform = Transform3D(-0.9996675, -0.025625605, 0.0028585517, 0.02563114, -0.99966985, 0.0019091592, 0.0028086856, 0.001981795, 0.99999434, -26.053284, 7.510978, 20.31841)

[node name="light_on_ceiling13" parent="." unique_id=1305445918 instance=ExtResource("34_d4uwr")]
transform = Transform3D(-0.9996675, -0.025625605, 0.0028585517, 0.02563114, -0.99966985, 0.0019091592, 0.0028086856, 0.001981795, 0.99999434, -27.405594, 7.510978, 13.914852)

[node name="light_on_ceiling15" parent="." unique_id=1185003754 instance=ExtResource("34_d4uwr")]
transform = Transform3D(-0.9996675, -0.025625605, 0.0028585517, 0.02563114, -0.99966985, 0.0019091592, 0.0028086856, 0.001981795, 0.99999434, -27.405594, 7.510978, 4.6032124)

[node name="light_on_ceiling16" parent="." unique_id=917811790 instance=ExtResource("34_d4uwr")]
transform = Transform3D(-0.9996675, -0.025625605, 0.0028585517, 0.02563114, -0.99966985, 0.0019091592, 0.0028086856, 0.001981795, 0.99999434, -27.405594, 7.510978, -2.3986282)

[node name="light_on_ceiling17" parent="." unique_id=468166308 instance=ExtResource("34_d4uwr")]
transform = Transform3D(-0.9996675, -0.025625605, 0.0028585517, 0.02563114, -0.99966985, 0.0019091592, 0.0028086856, 0.001981795, 0.99999434, -27.405594, 7.510978, -8.555215)

[node name="light_on_ceiling18" parent="." unique_id=1434514936 instance=ExtResource("34_d4uwr")]
transform = Transform3D(-0.9996675, -0.025625605, 0.0028585517, 0.02563114, -0.99966985, 0.0019091592, 0.0028086856, 0.001981795, 0.99999434, -13.922992, 7.510978, -8.555215)

[node name="light_on_ceiling19" parent="." unique_id=965432729 instance=ExtResource("34_d4uwr")]
transform = Transform3D(-0.9996675, -0.025625605, 0.0028585517, 0.02563114, -0.99966985, 0.0019091592, 0.0028086856, 0.001981795, 0.99999434, -2.8114815, 7.510978, -8.555215)

[node name="light_on_ceiling20" parent="." unique_id=152615133 instance=ExtResource("34_d4uwr")]
transform = Transform3D(-0.9996675, -0.025625605, 0.0028585517, 0.02563114, -0.99966985, 0.0019091592, 0.0028086856, 0.001981795, 0.99999434, 6.9232883, 7.510978, -8.555215)

[node name="light_on_ceiling21" parent="." unique_id=616054200 instance=ExtResource("34_d4uwr")]
transform = Transform3D(-0.9996675, -0.025625605, 0.0028585517, 0.02563114, -0.99966985, 0.0019091592, 0.0028086856, 0.001981795, 0.99999434, 6.9232883, 7.510978, 0.92477894)

[node name="light_on_ceiling22" parent="." unique_id=317475025 instance=ExtResource("34_d4uwr")]
transform = Transform3D(-0.9996675, -0.025625605, 0.0028585517, 0.02563114, -0.99966985, 0.0019091592, 0.0028086856, 0.001981795, 0.99999434, 6.9232883, 7.510978, 10.43138)

[node name="light_on_ceiling23" parent="." unique_id=1006236237 instance=ExtResource("34_d4uwr")]
transform = Transform3D(-0.9996675, -0.025625605, 0.0028585517, 0.02563114, -0.99966985, 0.0019091592, 0.0028086856, 0.001981795, 0.99999434, 6.9232883, 7.510978, 17.375805)

[node name="light_on_ceiling24" parent="." unique_id=526250815 instance=ExtResource("34_d4uwr")]
transform = Transform3D(-0.9996675, -0.025625605, 0.0028585517, 0.02563114, -0.99966985, 0.0019091592, 0.0028086856, 0.001981795, 0.99999434, -2.958342, 7.510978, 17.375805)

[node name="light_on_ceiling25" parent="." unique_id=2040490596 instance=ExtResource("34_d4uwr")]
transform = Transform3D(-0.9996675, -0.025625605, 0.0028585517, 0.02563114, -0.99966985, 0.0019091592, 0.0028086856, 0.001981795, 0.99999434, -14.609846, 7.510978, 17.375805)

[node name="light_on_ceiling26" parent="." unique_id=1624272415 instance=ExtResource("34_d4uwr")]
transform = Transform3D(-0.9996675, -0.025625605, 0.0028585517, 0.02563114, -0.99966985, 0.0019091592, 0.0028086856, 0.001981795, 0.99999434, 18.697487, 7.510978, 17.375805)

[node name="light_on_ceiling27" parent="." unique_id=2112644104 instance=ExtResource("34_d4uwr")]
transform = Transform3D(-0.9996675, -0.025625605, 0.0028585517, 0.02563114, -0.99966985, 0.0019091592, 0.0028086856, 0.001981795, 0.99999434, 18.697487, 7.510978, 5.670891)

[node name="light_on_ceiling28" parent="." unique_id=1525865946 instance=ExtResource("34_d4uwr")]
transform = Transform3D(-0.9996675, -0.025625605, 0.0028585517, 0.02563114, -0.99966985, 0.0019091592, 0.0028086856, 0.001981795, 0.99999434, 18.697487, 7.510978, -1.5971131)

[node name="light_on_ceiling29" parent="." unique_id=2119536620 instance=ExtResource("34_d4uwr")]
